# Created by Octave 4.2.2, Sun Apr 26 06:15:55 2020 CEST <henri@henri-MS-7C02>
# name: prices
# type: matrix
# rows: 10
# columns: 1
 -3.878171368785004
 0.6283673407386962
 -3.003840695101558
 -1.281494760576113
 2.206990997626222
 -0.5388643159398012
 3.272029414390649
 -0.8074297305002951
 4.951527347628486
 -0.2297332480241264


